000000000000000
003333300000000
003000300000000
001000300000000
003333300000000
000000300000000
000000300000000
003333300000000
003000300000000
001000300000000
003333300000000
000000300000000
000000300000000
003333300000000
003000300000000
001000300000000
003333300000000
000000300000000
000000300000000
003333300000000
003000300000000
001000300000000
003333300000000
000000300000000
000000300000000
003333300000000
003000300000000
001000300000000
003333300000000
000000300000000
000000300000000
003333300000000
003000300000000
001000300000000
003333300000000
000000300000000
000000300000000
003333300000000
003000300000000
001000300000000
003333300000000
000000300000000
000000300000000
003333300000000
003000300000000
001000300000000
003333300000000
000000300000000
000000300000000
003333300000000
003000300000000
001000300000000
003333300000000
000000300000000
000000300000000
003333300000000
003000300000000
001000300000000
003333300000000
000000300000000
000000300000000
003333300000000
003000300000000
001000300000000
003333300000000
000000300000000
000000300000000
003333300000000
003000300000000
001000300000000
003333300000000
000000300000000
000000300000000
003333300000000
003000300000000
001000300000000
003333300000000
000000300000000
000000300000000
003333300000000
003000300000000
001000300000000
003333300000000
000000300000000
000000300000000
003333300000000
003000300000000
001000300000000
003333300000000
000000300000000
000000300000000
003333300000000
003000300000000
001000300000000
003333300000000
000000300000000
000000300000000
003333300000000
003000300000000
001000300000000
003333300000000
000000300000000
000000300000000
003333300000000
003000300000000
001000300000000
003333300000000
000000300000000
000000300000000
003333300000000
003000300000000
001000300000000
003333300000000
000000300000000
000000300000000
003333300000000
003000300000000
001000300000000
003333300000000
000000300000000
000000300000000
003333300000000
003000300000000
001000300000000
003333300000000
000000300000000
000000300000000
003333300000000
003000300000000
001000300000000
003333300000000
000000300000000

